# R script for Peak Model
#  -- generated by MACS
p <- c(0.0011079574772251426,0.0011079574772251426,0.001487828612273763,0.0016461082518773548,0.0018043878914809465,0.0017410760356395098,0.0018360438194016649,0.0022475708823710035,0.0035771198550411747,0.0038936791342483587,0.004653421404345599,0.004875012899790628,0.00541316367444284,0.006109594088698644,0.006331185584143672,0.0071225837821616315,0.007154239710082349,0.007312519349685942,0.006521121151667982,0.0060779381607779254,0.005318195890680685,0.005128260323156375,0.004210238413455542,0.0035454639271204564,0.004495141764742007,0.004400173980979852,0.005888002593253615,0.006109594088698644,0.006584433007509419,0.006995960070478758,0.007692390484734562,0.008832003889880423,0.010193208790471312,0.01082632734888568,0.011491101835220766,0.011902628898190104,0.010351488430074903,0.010161552862550594,0.009433466520374072,0.010003273222947003,0.010098241006709157,0.009781681727501974,0.00889531574572186,0.009116907241166887,0.008673724250276831,0.008325509043148929,0.008388820898990366,0.009370154664532636,0.009180219097008325,0.010161552862550594,0.010889639204727117,0.0112061984839343,0.011491101835220766,0.013010586375415247,0.012788994879970218,0.013833640501353925,0.015131533546103377,0.015543060609072715,0.01661936215837714,0.016492738446694265,0.016334458807090675,0.016302802879169957,0.016872609581742887,0.01661936215837714,0.01737910442847438,0.017758975563523002,0.017284136644712227,0.015732996176597024,0.016239491023328518,0.01449841498768901,0.014403447203926854,0.014308479420164699,0.013612049005908896,0.01389695235719536,0.014055231996798952,0.013422113438384585,0.01598624359996277,0.01684095365382217,0.01737910442847438,0.01813884669857162,0.01912018046411389,0.020702976860149807,0.02162099876985064,0.021146159851039865,0.02067132093222909,0.020956224283515554,0.018961900824510297,0.0193101160316382,0.01912018046411389,0.019278460103717483,0.018297126338175214,0.017474072212236534,0.017537384068077973,0.017094201077187916,0.016239491023328518,0.01642942659085283,0.016872609581742887,0.018613685617382397,0.017537384068077973,0.018297126338175214,0.019373427887479637,0.019405083815400355,0.021905902121137105,0.022285773256185727,0.024026849291825237,0.02399519336390452,0.025356398264495407,0.02453334413855673,0.0258628931112269,0.02608448460667193,0.02494487120152607,0.026590979453403423,0.025483021976178282,0.027857216570232157,0.02823708770528078,0.030009819668841007,0.028965174047457302,0.028553646984487962,0.029281733326664484,0.02975657224547526,0.030009819668841007,0.027509001363104257,0.02608448460667193,0.02314048331004512,0.024185128931428827,0.023646978156776615,0.02323545109380728,0.023267107021727997,0.02203252583281998,0.02219080547242357,0.023520354445093743,0.024691623778160324,0.026021172750830494,0.027350721723500664,0.024849903417763913,0.023330418877569432,0.025229774552812535,0.02497652712944679,0.026432699813799834,0.028965174047457302,0.029819884101316696,0.03054797044349322,0.03054797044349322,0.03384018694724793,0.033998466586851524,0.034694897001107325,0.03529635963160097,0.03713240345100264,0.0367208763880333,0.03425171401021727,0.03422005808229655,0.034853176640710914,0.036056101901698216,0.03225739055121201,0.03393515473101008,0.033713563235565056,0.033017132821309254,0.031212744929828305,0.03222573462329129,0.03409343437061368,0.036246037469222524,0.03744896273020982,0.0374173068022891,0.03960156582881867,0.03884182355872143,0.039949781035946576,0.041247674080696024,0.04324199753970128,0.04504638543118223,0.04324199753970128,0.04340027717930487,0.0451730091428651,0.04700905296226677,0.04700905296226677,0.04884509678166843,0.04884509678166843,0.047768795232364006,0.048876752709589154,0.04539460063831013,0.04732561224147395,0.04491976171949936,0.0417225129995068,0.04093111480148884,0.040266340315153755,0.041089394441092435,0.04308371790009769,0.041785824855348236,0.04146926557614106,0.04434995501692642,0.044983073575340794,0.04694574110642533,0.04824363415117478,0.04726230038563251,0.047357268169394666,0.04754720373691898,0.05049120503354579,0.05131425915948446,0.05185240993413668,0.0491300001329549,0.04976311869136926,0.051029355808198,0.05245387256463033,0.051250947303643025,0.051092667664039436,0.05058617281730794,0.04745223595315683,0.05007967797057645,0.05061782874522866,0.054194948600269834,0.05185240993413668,0.04960483905176567,0.048750128997906275,0.051250947303643025,0.05394170117690409,0.052770431843837506,0.05381507746522121,0.05296036741136182,0.05220062514126458,0.05349851818601403,0.05337189447433116,0.05261215220423392,0.05330858261848972,0.053276926690569,0.05169413029453308,0.05755047695986598,0.05869009036501184,0.05900664964421903,0.05698067025729305,0.05549284164501929,0.057328885464420956,0.059164929283822616,0.059038305572139745,0.05834187515788394,0.059766391914316264,0.05818359551828035,0.05479641123076348,0.05340355040225188,0.05786703623907317,0.05935486485134693,0.059449832635109084,0.06274204913886379,0.06543280301212485,0.06726884683152652,0.06726884683152652,0.06467306074202761,0.06593929785885634,0.07062437519112266,0.06916820250676962,0.06616088935430138,0.06755375018281298,0.06464140481410689,0.0641349099673754,0.06337516769727816,0.06163409166163865,0.059608112274712674,0.062235554292132296,0.05979804784223699,0.06144415609411434,0.06283701692262594,0.0653378352283627,0.06777534167825801,0.06730050275944724,0.06904157879508675,0.06875667544380028,0.07328347313646301,0.0713841174612199,0.07299856978517655,0.07242876308260361,0.07445474246952959,0.07116252596577488,0.06831349245291023,0.06777534167825801,0.06511624373291768,0.06812355688538592,0.07008622441647046,0.07230213937092074,0.06894661101132459,0.06872501951587956,0.07192226823587211,0.0725870427222072,0.07423315097408456,0.07496123731626109,0.07610085072140695,0.07622747443308982,0.07166902081250637,0.06923151436261106,0.0703394718398362,0.06698394348024005,0.06334351176935744,0.06128587645451075,0.0606844138240171,0.06106428495906572,0.06267873728302235,0.0637866947602475,0.06498962002123479,0.06549611486796629,0.06527452337252126,0.06730050275944724,0.06628751306598425,0.06799693317370305,0.07793689454080861,0.09059926570909595,0.10734525157915596,0.12605390498030053,0.14466759059768292,0.16457916925981475,0.18142012291363693,0.2006985830173544,0.2191223330672125,0.23764105090083273,0.2424210960168612,0.24422548390834217,0.24542840916932945,0.24599821587190238,0.2411548589000325,0.23438049032499875,0.23507692073925454,0.23276603800104212,0.2313731771725305,0.2284291758759037,0.22624491684937412,0.2285874555155073,0.22330091555274734,0.22095837688661416,0.22716293875907495,0.22890401479471448,0.2258650457143255,0.22865076737134873,0.22890401479471448,0.23083502639787828,0.23814754574756422,0.2361848782164797,0.2385907287384543,0.23893894394558218,0.23741945940538772,0.2415347300350811,0.24799253933090765,0.24504853803428084,0.2421995045214162,0.24194625709805043,0.23840079317093,0.24305421457527557,0.2507149491320894,0.24346574163824491,0.24337077385448277,0.24495357025051867,0.23339915655945648,0.2337473717665844,0.2411548589000325,0.24340242978240348,0.245143505818043,0.2418512893142883,0.23004362819986032,0.2356783833697482,0.2330825972802493,0.22871407922719017,0.24112320297211176,0.24666299035823747,0.24011021327864876,0.23716621198202195,0.23615322228855898,0.2365014374956869,0.24685292592576177,0.24647305479071316,0.2520128421768389,0.2558432094552458,0.251886218465156,0.24805585118674908,0.2479292274750662,0.24903718495229135,0.25194953032099743,0.25198118624891813,0.2561914246623737,0.25388054192416126,0.2520128421768389,0.25194953032099743,0.25005017464575435,0.25229774552812534,0.25577989759940434,0.25726772621167815,0.2563180483740566,0.2632506965886939,0.25008183057367506,0.25334239114950907,0.25093654062753445,0.2500185187178336,0.25182290660931456,0.25350067078911265,0.2523610573839668,0.2537539182124784,0.25767925327464747,0.2533740470774298,